12 34
-1 -1 -1 -1 -1 -1
-1 -1 -1 -1 -1 -1
229 235 233 178 198 191
178 198 191 178 198 191
178 198 191 178 198 191
127 161 149 127 161 149
127 161 149 127 161 149
127 161 149 178 198 191
178 198 191 178 198 191
178 198 191 178 198 191
229 235 233 229 235 233
-1 -1 -1 -1 -1 -1
-1 -1 -1 -1 -1 -1
-1 -1 -1 -1 -1 -1
-1 -1 -1 -1 -1 -1
-1 -1 -1 -1 -1 -1
-1 -1 -1 -1 -1 -1
-1 -1 -1 -1 -1 -1
229 235 233 178 198 191
127 161 149 127 161 149
127 161 149 85 115 104
85 115 104 52 74 66
36 54 47 255 126 0
255 126 0 36 54 47
52 74 66 52 74 66
52 74 66 127 161 149
127 161 149 127 161 149
127 161 149 127 161 149
178 198 191 178 198 191
229 235 233 229 235 233
229 235 233 -1 -1 -1
-1 -1 -1 -1 -1 -1
-1 -1 -1 -1 -1 -1
-1 -1 -1 -1 -1 -1
-1 -1 -1 229 235 233
127 161 149 255 194 14
255 126 0 255 126 0
255 126 0 255 194 14
255 126 0 255 126 0
255 126 0 255 194 14
255 126 0 255 126 0
0 0 0 85 115 104
178 198 191 255 194 14
127 161 149 127 161 149
85 115 104 85 115 104
85 115 104 127 161 149
255 194 14 127 161 149
127 161 149 178 198 191
229 235 233 -1 -1 -1
-1 -1 -1 -1 -1 -1
-1 -1 -1 -1 -1 -1
-1 -1 -1 178 198 191
127 161 149 255 126 0
255 194 14 255 194 14
178 198 191 127 161 149
127 161 149 255 126 0
255 126 0 178 198 191
178 198 191 255 126 0
255 126 0 255 126 0
85 115 104 178 198 191
127 161 149 127 161 149
178 198 191 127 161 149
127 161 149 255 126 0
255 194 14 127 161 149
127 161 149 127 161 149
127 161 149 229 235 233
-1 -1 -1 -1 -1 -1
-1 -1 -1 -1 -1 -1
178 198 191 127 161 149
127 161 149 85 115 104
127 161 149 229 235 233
127 161 149 127 161 149
178 198 191 178 198 191
178 198 191 178 198 191
178 198 191 178 198 191
178 198 191 229 235 233
0 0 0 178 198 191
255 194 14 127 161 149
255 194 14 255 126 0
255 126 0 255 126 0
255 126 0 255 126 0
85 115 104 127 161 149
127 161 149 127 161 149
178 198 191 178 198 191
-1 -1 -1 -1 -1 -1
178 198 191 127 161 149
127 161 149 178 198 191
127 161 149 229 235 233
127 161 149 229 235 233
178 198 191 178 198 191
178 198 191 178 198 191
178 198 191 178 198 191
178 198 191 229 235 233
0 0 0 178 198 191
229 235 233 255 126 0
255 194 14 255 194 14
178 198 191 178 198 191
178 198 191 255 126 0
255 126 0 127 161 149
127 161 149 127 161 149
127 161 149 85 115 104
178 198 191 178 198 191
229 235 233 85 115 104
127 161 149 229 235 233
178 198 191 229 235 233
178 198 191 229 235 233
255 194 14 178 198 191
178 198 191 178 198 191
178 198 191 178 198 191
178 198 191 229 235 233
0 0 0 178 198 191
229 235 233 127 161 149
178 198 191 178 198 191
178 198 191 178 198 191
229 235 233 229 235 233
229 235 233 127 161 149
127 161 149 127 161 149
85 115 104 52 74 66
229 235 233 229 235 233
229 235 233 52 74 66
127 161 149 127 161 149
229 235 233 229 235 233
178 198 191 255 194 14
255 126 0 255 126 0
178 198 191 178 198 191
178 198 191 255 126 0
255 126 0 229 235 233
0 0 0 178 198 191
229 235 233 127 161 149
255 194 14 178 198 191
229 235 233 229 235 233
229 235 233 127 161 149
127 161 149 127 161 149
127 161 149 85 115 104
229 235 233 229 235 233
-1 -1 -1 -1 -1 -1
-1 -1 -1 178 198 191
85 115 104 127 161 149
127 161 149 127 161 149
229 235 233 178 198 191
229 235 233 255 194 14
255 194 14 255 126 0
255 126 0 178 198 191
255 194 14 255 126 0
255 126 0 229 235 233
127 161 149 127 161 149
255 126 0 255 194 14
229 235 233 255 194 14
127 161 149 127 161 149
127 161 149 85 115 104
52 74 66 229 235 233
-1 -1 -1 -1 -1 -1
-1 -1 -1 -1 -1 -1
-1 -1 -1 229 235 233
52 74 66 85 115 104
127 161 149 127 161 149
127 161 149 229 235 233
229 235 233 229 235 233
229 235 233 229 235 233
255 194 14 229 235 233
0 0 0 127 161 149
229 235 233 127 161 149
127 161 149 127 161 149
127 161 149 255 126 0
255 194 14 85 115 104
85 115 104 52 74 66
36 54 47 178 198 191
229 235 233 -1 -1 -1
-1 -1 -1 -1 -1 -1
-1 -1 -1 -1 -1 -1
-1 -1 -1 -1 -1 -1
229 235 233 178 198 191
36 54 47 52 74 66
52 74 66 85 115 104
85 115 104 85 115 104
85 115 104 85 115 104
85 115 104 85 115 104
85 115 104 85 115 104
85 115 104 85 115 104
85 115 104 85 115 104
85 115 104 52 74 66
178 198 191 178 198 191
229 235 233 229 235 233
229 235 233 -1 -1 -1
-1 -1 -1 -1 -1 -1
-1 -1 -1 -1 -1 -1
-1 -1 -1 -1 -1 -1
-1 -1 -1 -1 -1 -1
-1 -1 -1 -1 -1 -1
229 235 233 229 235 233
229 235 233 229 235 233
229 235 233 229 235 233
229 235 233 229 235 233
229 235 233 229 235 233
229 235 233 229 235 233
229 235 233 229 235 233
229 235 233 229 235 233
229 235 233 229 235 233
-1 -1 -1 -1 -1 -1
-1 -1 -1 -1 -1 -1
-1 -1 -1 -1 -1 -1
-1 -1 -1 -1 -1 -1
-1 -1 -1 -1 -1 -1
-1 -1 -1 -1 -1 -1
