12 22
-1 -1 -1 -1 -1 -1
-1 -1 -1 -1 -1 -1
-1 -1 -1 -1 -1 -1
-1 -1 -1 -1 -1 -1
-1 -1 -1 -1 -1 -1
-1 -1 -1 -1 -1 -1
-1 -1 -1 -1 -1 -1
-1 -1 -1 -1 -1 -1
-1 -1 -1 -1 -1 -1
-1 -1 -1 -1 -1 -1
-1 -1 -1 -1 -1 -1
-1 -1 -1 -1 -1 -1
229 235 233 255 126 0
255 126 0 255 126 0
127 161 149 127 161 149
127 161 149 178 198 191
178 198 191 178 198 191
178 198 191 178 198 191
178 198 191 229 235 233
-1 -1 -1 -1 -1 -1
-1 -1 -1 -1 -1 -1
-1 -1 -1 -1 -1 -1
-1 -1 -1 229 235 233
255 126 0 255 194 14
255 194 14 255 126 0
255 126 0 36 54 47
255 126 0 255 126 0
255 126 0 127 161 149
127 161 149 127 161 149
127 161 149 127 161 149
229 235 233 -1 -1 -1
-1 -1 -1 -1 -1 -1
-1 -1 -1 -1 -1 -1
-1 -1 -1 178 198 191
127 161 149 85 115 104
85 115 104 52 74 66
255 194 14 255 126 0
255 126 0 255 194 14
255 126 0 85 115 104
127 161 149 127 161 149
127 161 149 127 161 149
127 161 149 229 235 233
-1 -1 -1 -1 -1 -1
-1 -1 -1 -1 -1 -1
178 198 191 127 161 149
127 161 149 85 115 104
85 115 104 178 198 191
229 235 233 255 126 0
255 194 14 229 235 233
255 126 0 178 198 191
255 126 0 255 126 0
85 115 104 127 161 149
127 161 149 127 161 149
178 198 191 229 235 233
-1 -1 -1 -1 -1 -1
229 235 233 127 161 149
127 161 149 127 161 149
85 115 104 229 235 233
229 235 233 229 235 233
229 235 233 229 235 233
255 194 14 255 126 0
255 126 0 178 198 191
178 198 191 178 198 191
127 161 149 127 161 149
127 161 149 85 115 104
178 198 191 229 235 233
255 126 0 85 115 104
127 161 149 127 161 149
85 115 104 229 235 233
229 235 233 229 235 233
229 235 233 229 235 233
229 235 233 127 161 149
229 235 233 229 235 233
229 235 233 229 235 233
127 161 149 127 161 149
85 115 104 85 115 104
229 235 233 229 235 233
255 194 14 255 126 0
255 126 0 127 161 149
127 161 149 229 235 233
229 235 233 229 235 233
229 235 233 229 235 233
178 198 191 229 235 233
127 161 149 127 161 149
127 161 149 127 161 149
127 161 149 85 115 104
229 235 233 229 235 233
-1 -1 -1 -1 -1 -1
-1 -1 -1 255 194 14
255 126 0 255 126 0
255 194 14 255 126 0
255 126 0 255 126 0
255 126 0 229 235 233
127 161 149 127 161 149
127 161 149 127 161 149
127 161 149 127 161 149
85 115 104 229 235 233
-1 -1 -1 -1 -1 -1
-1 -1 -1 -1 -1 -1
-1 -1 -1 229 235 233
85 115 104 85 115 104
255 126 0 255 126 0
255 194 14 85 115 104
85 115 104 85 115 104
85 115 104 85 115 104
85 115 104 85 115 104
85 115 104 85 115 104
229 235 233 -1 -1 -1
-1 -1 -1 -1 -1 -1
-1 -1 -1 -1 -1 -1
-1 -1 -1 -1 -1 -1
255 126 0 255 126 0
229 235 233 229 235 233
229 235 233 229 235 233
229 235 233 229 235 233
229 235 233 229 235 233
229 235 233 229 235 233
229 235 233 229 235 233
-1 -1 -1 -1 -1 -1
-1 -1 -1 -1 -1 -1
-1 -1 -1 -1 -1 -1
-1 -1 -1 -1 -1 -1
-1 -1 -1 -1 -1 -1
-1 -1 -1 -1 -1 -1
-1 -1 -1 -1 -1 -1
-1 -1 -1 -1 -1 -1
-1 -1 -1 -1 -1 -1
-1 -1 -1 -1 -1 -1
-1 -1 -1 -1 -1 -1
-1 -1 -1 -1 -1 -1
-1 -1 -1 -1 -1 -1
-1 -1 -1 -1 -1 -1
