12 34
-1 -1 -1 -1 -1 -1
-1 -1 -1 -1 -1 -1
255 194 14 -1 -1 -1
-1 -1 -1 -1 -1 -1
-1 -1 -1 -1 -1 -1
-1 -1 -1 -1 -1 -1
-1 -1 -1 -1 -1 -1
-1 -1 -1 -1 -1 -1
255 126 0 255 126 0
-1 -1 -1 -1 -1 -1
-1 -1 -1 -1 -1 -1
-1 -1 -1 -1 -1 -1
-1 -1 -1 -1 -1 -1
-1 -1 -1 -1 -1 -1
-1 -1 -1 -1 -1 -1
-1 -1 -1 -1 -1 -1
-1 -1 -1 -1 -1 -1
-1 -1 -1 -1 -1 -1
-1 -1 -1 -1 -1 -1
-1 -1 -1 255 194 14
255 194 14 255 126 0
-1 -1 -1 255 126 0
255 126 0 255 126 0
255 194 14 255 126 0
52 74 66 52 74 66
85 115 104 255 126 0
255 194 14 255 126 0
85 115 104 36 54 47
36 54 47 36 54 47
36 54 47 36 54 47
85 115 104 52 74 66
52 74 66 -1 -1 -1
-1 -1 -1 -1 -1 -1
-1 -1 -1 -1 -1 -1
-1 -1 -1 -1 -1 -1
-1 -1 -1 -1 -1 -1
-1 -1 -1 -1 -1 -1
-1 -1 -1 255 126 0
255 126 0 52 74 66
52 74 66 52 74 66
255 194 14 255 194 14
255 194 14 127 161 149
255 126 0 255 194 14
127 161 149 255 126 0
255 194 14 52 74 66
52 74 66 255 194 14
85 115 104 127 161 149
255 194 14 127 161 149
127 161 149 85 115 104
52 74 66 52 74 66
-1 -1 -1 -1 -1 -1
-1 -1 -1 127 161 149
127 161 149 -1 -1 -1
-1 -1 -1 -1 -1 -1
-1 -1 -1 85 115 104
85 115 104 85 115 104
127 161 149 127 161 149
127 161 149 127 161 149
255 126 0 255 126 0
178 198 191 178 198 191
178 198 191 178 198 191
178 198 191 178 198 191
52 74 66 52 74 66
52 74 66 255 126 0
255 194 14 255 126 0
255 126 0 255 126 0
127 161 149 85 115 104
52 74 66 -1 -1 -1
127 161 149 178 198 191
178 198 191 127 161 149
85 115 104 85 115 104
85 115 104 127 161 149
127 161 149 127 161 149
178 198 191 178 198 191
178 198 191 178 198 191
178 198 191 178 198 191
178 198 191 178 198 191
178 198 191 178 198 191
178 198 191 229 235 233
255 126 0 237 28 36
52 74 66 52 74 66
178 198 191 255 194 14
255 194 14 255 126 0
178 198 191 127 161 149
127 161 149 85 115 104
85 115 104 178 198 191
178 198 191 178 198 191
178 198 191 178 198 191
178 198 191 178 198 191
178 198 191 178 198 191
178 198 191 178 198 191
178 198 191 178 198 191
178 198 191 178 198 191
178 198 191 178 198 191
255 194 14 255 126 0
178 198 191 229 235 233
237 28 36 255 126 0
178 198 191 178 198 191
127 161 149 178 198 191
255 194 14 255 194 14
255 126 0 178 198 191
178 198 191 127 161 149
85 115 104 178 198 191
178 198 191 255 194 14
255 194 14 229 235 233
178 198 191 178 198 191
178 198 191 178 198 191
178 198 191 178 198 191
178 198 191 255 126 0
255 194 14 255 126 0
178 198 191 178 198 191
178 198 191 255 126 0
255 194 14 255 194 14
255 126 0 229 235 233
229 235 233 229 235 233
127 161 149 178 198 191
178 198 191 255 194 14
255 194 14 255 126 0
229 235 233 127 161 149
229 235 233 178 198 191
178 198 191 229 235 233
229 235 233 255 194 14
229 235 233 229 235 233
229 235 233 255 126 0
178 198 191 178 198 191
178 198 191 229 235 233
229 235 233 255 194 14
255 126 0 229 235 233
229 235 233 229 235 233
178 198 191 178 198 191
255 194 14 178 198 191
178 198 191 127 161 149
178 198 191 178 198 191
178 198 191 178 198 191
229 235 233 229 235 233
229 235 233 229 235 233
-1 -1 -1 229 235 233
229 235 233 -1 -1 -1
-1 -1 -1 -1 -1 -1
255 194 14 255 126 0
255 126 0 255 126 0
229 235 233 229 235 233
229 235 233 229 235 233
229 235 233 229 235 233
255 194 14 255 126 0
255 126 0 255 126 0
229 235 233 229 235 233
255 194 14 255 194 14
255 126 0 255 126 0
229 235 233 229 235 233
229 235 233 229 235 233
229 235 233 229 235 233
229 235 233 -1 -1 -1
-1 -1 -1 -1 -1 -1
-1 -1 -1 -1 -1 -1
-1 -1 -1 -1 -1 -1
255 126 0 255 194 14
255 194 14 229 235 233
229 235 233 229 235 233
229 235 233 229 235 233
229 235 233 229 235 233
229 235 233 255 194 14
229 235 233 255 126 0
255 194 14 229 235 233
229 235 233 255 194 14
229 235 233 229 235 233
255 194 14 229 235 233
229 235 233 229 235 233
229 235 233 229 235 233
-1 -1 -1 -1 -1 -1
-1 -1 -1 -1 -1 -1
-1 -1 -1 -1 -1 -1
-1 -1 -1 -1 -1 -1
-1 -1 -1 -1 -1 -1
-1 -1 -1 -1 -1 -1
-1 -1 -1 -1 -1 -1
-1 -1 -1 -1 -1 -1
229 235 233 229 235 233
229 235 233 229 235 233
229 235 233 229 235 233
229 235 233 229 235 233
229 235 233 229 235 233
229 235 233 229 235 233
229 235 233 229 235 233
229 235 233 -1 -1 -1
-1 -1 -1 -1 -1 -1
-1 -1 -1 -1 -1 -1
-1 -1 -1 -1 -1 -1
-1 -1 -1 -1 -1 -1
-1 -1 -1 -1 -1 -1
-1 -1 -1 -1 -1 -1
-1 -1 -1 -1 -1 -1
-1 -1 -1 -1 -1 -1
-1 -1 -1 -1 -1 -1
-1 -1 -1 -1 -1 -1
-1 -1 -1 -1 -1 -1
-1 -1 -1 -1 -1 -1
-1 -1 -1 -1 -1 -1
-1 -1 -1 -1 -1 -1
-1 -1 -1 -1 -1 -1
-1 -1 -1 -1 -1 -1
-1 -1 -1 -1 -1 -1
-1 -1 -1 -1 -1 -1
-1 -1 -1 -1 -1 -1
