22 12
-1 -1 -1 -1 -1 -1
-1 -1 -1 -1 -1 -1
-1 -1 -1 85 115 104
52 74 66 52 74 66
-1 -1 -1 -1 -1 -1
-1 -1 -1 -1 -1 -1
-1 -1 -1 70 70 70
-1 -1 -1 -1 -1 -1
-1 -1 -1 127 161 149
85 115 104 52 74 66
52 74 66 -1 -1 -1
-1 -1 -1 -1 -1 -1
-1 -1 -1 -1 -1 -1
70 70 70 -1 -1 -1
-1 -1 -1 127 161 149
127 161 149 85 115 104
85 115 104 52 74 66
-1 -1 -1 -1 -1 -1
255 126 0 -1 -1 -1
-1 -1 -1 70 70 70
0 0 0 178 198 191
127 161 149 127 161 149
127 161 149 85 115 104
52 74 66 -1 -1 -1
-1 -1 -1 255 194 14
255 126 0 -1 -1 -1
-1 -1 -1 70 70 70
127 161 149 127 161 149
127 161 149 85 115 104
52 74 66 -1 -1 -1
-1 -1 -1 -1 -1 -1
255 194 14 0 0 0
255 126 0 178 198 191
70 70 70 255 126 0
127 161 149 127 161 149
85 115 104 52 74 66
-1 -1 -1 -1 -1 -1
-1 -1 -1 229 235 233
0 0 0 70 70 70
178 198 191 127 161 149
127 161 149 127 161 149
85 115 104 52 74 66
-1 -1 -1 -1 -1 -1
229 235 233 178 198 191
127 161 149 229 235 233
70 70 70 255 194 14
127 161 149 127 161 149
85 115 104 52 74 66
-1 -1 -1 -1 -1 -1
178 198 191 0 0 0
127 161 149 229 235 233
178 198 191 178 198 191
178 198 191 127 161 149
85 115 104 52 74 66
-1 -1 -1 -1 -1 -1
178 198 191 52 74 66
70 70 70 229 235 233
178 198 191 178 198 191
178 198 191 127 161 149
127 161 149 52 74 66
-1 -1 -1 -1 -1 -1
255 194 14 70 70 70
0 0 0 229 235 233
178 198 191 178 198 191
178 198 191 178 198 191
127 161 149 85 115 104
-1 -1 -1 255 126 0
178 198 191 255 194 14
70 70 70 0 0 0
70 70 70 178 198 191
178 198 191 178 198 191
127 161 149 85 115 104
-1 -1 -1 -1 -1 -1
255 194 14 255 194 14
255 126 0 229 235 233
70 70 70 255 126 0
178 198 191 178 198 191
127 161 149 127 161 149
-1 -1 -1 -1 -1 -1
229 235 233 -1 -1 -1
255 194 14 70 70 70
229 235 233 178 198 191
178 198 191 178 198 191
127 161 149 127 161 149
-1 -1 -1 -1 -1 -1
229 235 233 -1 -1 -1
-1 -1 -1 229 235 233
70 70 70 255 194 14
178 198 191 127 161 149
127 161 149 127 161 149
-1 -1 -1 -1 -1 -1
-1 -1 -1 -1 -1 -1
-1 -1 -1 229 235 233
229 235 233 178 198 191
178 198 191 127 161 149
127 161 149 -1 -1 -1
-1 -1 -1 70 70 70
-1 -1 -1 -1 -1 -1
-1 -1 -1 229 235 233
229 235 233 178 198 191
127 161 149 127 161 149
127 161 149 -1 -1 -1
-1 -1 -1 -1 -1 -1
70 70 70 255 194 14
-1 -1 -1 229 235 233
229 235 233 178 198 191
127 161 149 127 161 149
-1 -1 -1 -1 -1 -1
-1 -1 -1 -1 -1 -1
-1 -1 -1 -1 -1 -1
255 126 0 229 235 233
229 235 233 178 198 191
127 161 149 -1 -1 -1
-1 -1 -1 -1 -1 -1
-1 -1 -1 -1 -1 -1
-1 -1 -1 -1 -1 -1
-1 -1 -1 229 235 233
229 235 233 178 198 191
-1 -1 -1 -1 -1 -1
-1 -1 -1 -1 -1 -1
-1 -1 -1 -1 -1 -1
-1 -1 -1 -1 -1 -1
-1 -1 -1 229 235 233
178 198 191 -1 -1 -1
-1 -1 -1 -1 -1 -1
-1 -1 -1 -1 -1 -1
-1 -1 -1 -1 -1 -1
-1 -1 -1 -1 -1 -1
-1 -1 -1 229 235 233
-1 -1 -1 -1 -1 -1
-1 -1 -1 -1 -1 -1
-1 -1 -1 -1 -1 -1
