14 3
-1 -1 -1 109 136 126
-1 -1 -1
109 136 126 109 136 126
109 136 126
-1 -1 -1 109 136 126
109 136 126
109 136 126 229 235 233
109 136 126
-1 -1 -1 229 235 233
109 136 126
-1 -1 -1 229 235 233
109 136 126
109 136 126 229 235 233
178 198 191
109 136 126 229 235 233
178 198 191
-1 -1 -1 229 235 233
178 198 191
-1 -1 -1 229 235 233
178 198 191
109 136 126 229 235 233
178 198 191
-1 -1 -1 229 235 233
178 198 191
109 136 126 229 235 233
178 198 191
-1 -1 -1 178 198 191
-1 -1 -1
