10 10
-1 -1 -1 -1 -1 -1
-1 -1 -1 255 107 107
255 107 107 255 107 107
237 28 36 -1 -1 -1
-1 -1 -1 -1 -1 -1
-1 -1 -1 -1 -1 -1
255 107 107 222 0 0
222 0 0 153 0 48
153 0 48 237 28 36
-1 -1 -1 -1 -1 -1
-1 -1 -1 255 107 107
222 0 0 -1 -1 -1
-1 -1 -1 -1 -1 -1
255 107 107 237 28 36
237 28 36 -1 -1 -1
255 107 107 222 0 0
-1 -1 -1 -1 -1 -1
-1 -1 -1 255 107 107
237 28 36 153 0 48
153 0 48 237 28 36
255 107 107 222 0 0
-1 -1 -1 -1 -1 -1
255 107 107 237 28 36
153 0 48 -1 -1 -1
153 0 48 237 28 36
237 28 36 153 0 48
-1 -1 -1 255 107 107
237 28 36 153 0 48
-1 -1 -1 -1 -1 -1
153 0 48 237 28 36
237 28 36 153 0 48
255 107 107 237 28 36
153 0 48 -1 -1 -1
-1 -1 -1 -1 -1 -1
153 0 48 237 28 36
-1 -1 -1 237 28 36
237 28 36 153 0 48
-1 -1 -1 -1 -1 -1
-1 -1 -1 153 0 48
237 28 36 -1 -1 -1
-1 -1 -1 -1 -1 -1
237 28 36 153 0 48
153 0 48 153 0 48
153 0 48 237 28 36
-1 -1 -1 -1 -1 -1
-1 -1 -1 -1 -1 -1
-1 -1 -1 237 28 36
237 28 36 237 28 36
237 28 36 -1 -1 -1
-1 -1 -1 -1 -1 -1
