7 11
-1 -1 -1 255 107 107
255 0 0 255 107 107
255 107 107 255 107 107
255 107 107 255 107 107
-1 -1 -1 -1 -1 -1
-1 -1 -1
255 107 107 255 0 0
153 0 48 255 0 0
255 0 0 255 0 0
255 0 0 255 0 0
153 0 48 255 0 0
-1 -1 -1
255 107 107 153 0 48
153 0 48 153 0 48
255 0 0 255 0 0
255 0 0 255 0 0
255 0 0 153 0 48
255 0 0
255 0 0 153 0 48
153 0 48 153 0 48
255 0 0 222 0 0
222 0 0 222 0 0
222 0 0 153 0 48
222 0 0
255 0 0 153 0 48
153 0 48 153 0 48
255 0 0 222 0 0
222 0 0 222 0 0
222 0 0 153 0 48
222 0 0
255 0 0 222 0 0
153 0 48 255 0 0
222 0 0 222 0 0
222 0 0 222 0 0
153 0 48 222 0 0
-1 -1 -1
-1 -1 -1 255 0 0
222 0 0 222 0 0
222 0 0 222 0 0
222 0 0 222 0 0
-1 -1 -1 -1 -1 -1
-1 -1 -1
