7 11
-1 -1 -1 255 255 255
221 218 235 255 255 255
255 255 255 255 255 255
255 255 255 255 255 255
-1 -1 -1 -1 -1 -1
-1 -1 -1
255 255 255 221 218 235
144 136 184 221 218 235
221 218 235 221 218 235
221 218 235 221 218 235
144 136 184 221 218 235
-1 -1 -1
255 255 255 144 136 184
144 136 184 144 136 184
221 218 235 221 218 235
221 218 235 221 218 235
221 218 235 144 136 184
221 218 235
221 218 235 144 136 184
144 136 184 144 136 184
221 218 235 185 180 209
185 180 209 185 180 209
185 180 209 144 136 184
185 180 209
221 218 235 144 136 184
144 136 184 144 136 184
221 218 235 185 180 209
185 180 209 185 180 209
185 180 209 144 136 184
185 180 209
221 218 235 185 180 209
144 136 184 221 218 235
185 180 209 185 180 209
185 180 209 185 180 209
144 136 184 185 180 209
-1 -1 -1
-1 -1 -1 221 218 235
185 180 209 185 180 209
185 180 209 185 180 209
185 180 209 185 180 209
-1 -1 -1 -1 -1 -1
-1 -1 -1
