12 58
-1 -1 -1 -1 -1 -1
-1 -1 -1 -1 -1 -1
-1 -1 -1 -1 -1 -1
-1 -1 -1 -1 -1 -1
-1 -1 -1 -1 -1 -1
-1 -1 -1 -1 -1 -1
-1 -1 -1 -1 -1 -1
-1 -1 -1 -1 -1 -1
-1 -1 -1 -1 -1 -1
-1 -1 -1 -1 -1 -1
-1 -1 -1 -1 -1 -1
-1 -1 -1 255 46 46
178 198 191 178 198 191
127 161 149 127 161 149
127 161 149 127 161 149
127 161 149 178 198 191
178 198 191 178 198 191
255 46 46 -1 -1 -1
-1 -1 -1 -1 -1 -1
-1 -1 -1 -1 -1 -1
-1 -1 -1 -1 -1 -1
-1 -1 -1 -1 -1 -1
-1 -1 -1 -1 -1 -1
-1 -1 -1 -1 -1 -1
-1 -1 -1 -1 -1 -1
-1 -1 -1 -1 -1 -1
-1 -1 -1 -1 -1 -1
-1 -1 -1 -1 -1 -1
-1 -1 -1 -1 -1 -1
-1 -1 -1 -1 -1 -1
-1 -1 -1 -1 -1 -1
-1 -1 -1 -1 -1 -1
255 46 46 127 161 149
127 161 149 127 161 149
255 46 46 -1 -1 -1
-1 -1 -1 -1 -1 -1
-1 -1 -1 -1 -1 -1
-1 -1 -1 -1 -1 -1
-1 -1 -1 127 161 149
127 161 149 178 198 191
178 198 191 52 74 66
52 74 66 52 74 66
52 74 66 52 74 66
52 74 66 52 74 66
52 74 66 52 74 66
52 74 66 52 74 66
52 74 66 178 198 191
-1 -1 -1 -1 -1 -1
-1 -1 -1 -1 -1 -1
-1 -1 -1 -1 -1 -1
-1 -1 -1 -1 -1 -1
-1 -1 -1 -1 -1 -1
-1 -1 -1 -1 -1 -1
-1 -1 -1 -1 -1 -1
-1 -1 -1 -1 -1 -1
-1 -1 -1 -1 -1 -1
-1 -1 -1 -1 -1 -1
-1 -1 -1 -1 -1 -1
-1 -1 -1 -1 -1 -1
127 161 149 127 161 149
127 161 149 127 161 149
178 198 191 178 198 191
178 198 191 178 198 191
127 161 149 127 161 149
127 161 149 127 161 149
127 161 149 127 161 149
178 198 191 178 198 191
178 198 191 52 74 66
52 74 66 52 74 66
52 74 66 52 74 66
36 54 47 52 74 66
52 74 66 52 74 66
52 74 66 52 74 66
52 74 66 52 74 66
52 74 66 52 74 66
52 74 66 52 74 66
178 198 191 178 198 191
178 198 191 178 198 191
127 161 149 127 161 149
127 161 149 127 161 149
127 161 149 127 161 149
127 161 149 127 161 149
127 161 149 127 161 149
178 198 191 178 198 191
178 198 191 178 198 191
-1 -1 -1 -1 -1 -1
-1 -1 -1 -1 -1 -1
-1 -1 -1 127 161 149
178 198 191 85 115 104
52 74 66 52 74 66
229 235 233 178 198 191
178 198 191 178 198 191
229 235 233 52 74 66
85 115 104 85 115 104
85 115 104 85 115 104
52 74 66 52 74 66
52 74 66 52 74 66
52 74 66 52 74 66
52 74 66 52 74 66
52 74 66 52 74 66
52 74 66 52 74 66
52 74 66 36 54 47
52 74 66 52 74 66
52 74 66 36 54 47
52 74 66 52 74 66
52 74 66 52 74 66
52 74 66 52 74 66
52 74 66 52 74 66
52 74 66 52 74 66
52 74 66 36 54 47
52 74 66 52 74 66
52 74 66 36 54 47
52 74 66 52 74 66
52 74 66 52 74 66
178 198 191 -1 -1 -1
-1 -1 -1 -1 -1 -1
127 161 149 178 198 191
178 198 191 85 115 104
52 74 66 229 235 233
229 235 233 178 198 191
178 198 191 178 198 191
229 235 233 229 235 233
52 74 66 85 115 104
85 115 104 127 161 149
127 161 149 52 74 66
52 74 66 52 74 66
36 54 47 52 74 66
127 161 149 127 161 149
127 161 149 52 74 66
52 74 66 52 74 66
52 74 66 52 74 66
52 74 66 36 54 47
52 74 66 52 74 66
52 74 66 52 74 66
52 74 66 52 74 66
52 74 66 36 54 47
52 74 66 52 74 66
52 74 66 52 74 66
52 74 66 52 74 66
52 74 66 52 74 66
52 74 66 52 74 66
52 74 66 52 74 66
52 74 66 36 54 47
52 74 66 178 198 191
178 198 191 -1 -1 -1
178 198 191 178 198 191
178 198 191 85 115 104
85 115 104 229 235 233
229 235 233 178 198 191
178 198 191 178 198 191
229 235 233 229 235 233
52 74 66 85 115 104
178 198 191 127 161 149
127 161 149 178 198 191
52 74 66 52 74 66
52 74 66 52 74 66
178 198 191 178 198 191
178 198 191 127 161 149
127 161 149 127 161 149
52 74 66 52 74 66
52 74 66 52 74 66
52 74 66 52 74 66
52 74 66 255 255 255
255 255 255 52 74 66
52 74 66 52 74 66
255 255 255 229 235 233
52 74 66 36 54 47
52 74 66 255 255 255
255 255 255 52 74 66
36 54 47 52 74 66
255 255 255 255 255 255
52 74 66 52 74 66
36 54 47 52 74 66
52 74 66 178 198 191
178 198 191 178 198 191
178 198 191 85 115 104
85 115 104 229 235 233
229 235 233 178 198 191
178 198 191 229 235 233
229 235 233 229 235 233
85 115 104 85 115 104
229 235 233 178 198 191
178 198 191 178 198 191
52 74 66 36 54 47
52 74 66 52 74 66
229 235 233 178 198 191
178 198 191 178 198 191
229 235 233 229 235 233
52 74 66 52 74 66
52 74 66 52 74 66
52 74 66 52 74 66
52 74 66 52 74 66
52 74 66 52 74 66
36 54 47 52 74 66
52 74 66 52 74 66
52 74 66 52 74 66
52 74 66 52 74 66
36 54 47 52 74 66
52 74 66 52 74 66
52 74 66 52 74 66
52 74 66 52 74 66
52 74 66 36 54 47
52 74 66 229 235 233
229 235 233 178 198 191
178 198 191 85 115 104
85 115 104 229 235 233
229 235 233 229 235 233
229 235 233 229 235 233
229 235 233 229 235 233
85 115 104 85 115 104
85 115 104 229 235 233
229 235 233 52 74 66
52 74 66 52 74 66
52 74 66 52 74 66
229 235 233 229 235 233
229 235 233 52 74 66
52 74 66 52 74 66
52 74 66 36 54 47
52 74 66 52 74 66
52 74 66 52 74 66
52 74 66 52 74 66
52 74 66 52 74 66
52 74 66 52 74 66
52 74 66 52 74 66
52 74 66 36 54 47
52 74 66 52 74 66
52 74 66 52 74 66
36 54 47 52 74 66
36 54 47 52 74 66
52 74 66 52 74 66
36 54 47 229 235 233
229 235 233 -1 -1 -1
229 235 233 229 235 233
178 198 191 85 115 104
85 115 104 85 115 104
229 235 233 229 235 233
229 235 233 229 235 233
229 235 233 85 115 104
85 115 104 85 115 104
85 115 104 85 115 104
52 74 66 52 74 66
52 74 66 52 74 66
52 74 66 52 74 66
52 74 66 52 74 66
52 74 66 36 54 47
52 74 66 52 74 66
52 74 66 52 74 66
52 74 66 36 54 47
52 74 66 52 74 66
52 74 66 52 74 66
52 74 66 52 74 66
52 74 66 52 74 66
52 74 66 52 74 66
52 74 66 52 74 66
52 74 66 52 74 66
52 74 66 52 74 66
52 74 66 52 74 66
52 74 66 36 54 47
52 74 66 36 54 47
229 235 233 -1 -1 -1
-1 -1 -1 -1 -1 -1
-1 -1 -1 -1 -1 -1
229 235 233 178 198 191
178 198 191 178 198 191
229 235 233 229 235 233
229 235 233 229 235 233
229 235 233 178 198 191
178 198 191 229 235 233
229 235 233 229 235 233
229 235 233 229 235 233
229 235 233 52 74 66
52 74 66 52 74 66
52 74 66 52 74 66
36 54 47 52 74 66
36 54 47 52 74 66
52 74 66 52 74 66
52 74 66 52 74 66
178 198 191 178 198 191
178 198 191 178 198 191
178 198 191 229 235 233
229 235 233 229 235 233
229 235 233 229 235 233
229 235 233 229 235 233
229 235 233 229 235 233
229 235 233 229 235 233
229 235 233 229 235 233
229 235 233 229 235 233
229 235 233 229 235 233
-1 -1 -1 -1 -1 -1
-1 -1 -1 -1 -1 -1
-1 -1 -1 -1 -1 -1
-1 -1 -1 -1 -1 -1
-1 -1 -1 -1 -1 -1
0 255 72 229 235 233
229 235 233 229 235 233
0 255 72 -1 -1 -1
-1 -1 -1 -1 -1 -1
-1 -1 -1 -1 -1 -1
-1 -1 -1 -1 -1 -1
-1 -1 -1 178 198 191
52 74 66 36 54 47
52 74 66 52 74 66
52 74 66 52 74 66
52 74 66 52 74 66
52 74 66 52 74 66
52 74 66 178 198 191
-1 -1 -1 -1 -1 -1
-1 -1 -1 -1 -1 -1
-1 -1 -1 -1 -1 -1
-1 -1 -1 -1 -1 -1
-1 -1 -1 -1 -1 -1
-1 -1 -1 -1 -1 -1
-1 -1 -1 -1 -1 -1
-1 -1 -1 -1 -1 -1
-1 -1 -1 -1 -1 -1
-1 -1 -1 -1 -1 -1
-1 -1 -1 -1 -1 -1
-1 -1 -1 -1 -1 -1
-1 -1 -1 -1 -1 -1
-1 -1 -1 -1 -1 -1
-1 -1 -1 -1 -1 -1
-1 -1 -1 -1 -1 -1
-1 -1 -1 -1 -1 -1
-1 -1 -1 -1 -1 -1
-1 -1 -1 -1 -1 -1
-1 -1 -1 -1 -1 -1
-1 -1 -1 -1 -1 -1
-1 -1 -1 -1 -1 -1
-1 -1 -1 0 255 72
229 235 233 229 235 233
229 235 233 229 235 233
229 235 233 229 235 233
229 235 233 229 235 233
229 235 233 178 198 191
0 255 72 -1 -1 -1
-1 -1 -1 -1 -1 -1
-1 -1 -1 -1 -1 -1
-1 -1 -1 -1 -1 -1
-1 -1 -1 -1 -1 -1
-1 -1 -1 -1 -1 -1
-1 -1 -1 -1 -1 -1
-1 -1 -1 -1 -1 -1
-1 -1 -1 -1 -1 -1
-1 -1 -1 -1 -1 -1
-1 -1 -1 -1 -1 -1
-1 -1 -1 -1 -1 -1
-1 -1 -1 -1 -1 -1
-1 -1 -1 -1 -1 -1
