12 22
-1 -1 -1 -1 -1 -1
-1 -1 -1 -1 -1 -1
-1 -1 -1 -1 -1 -1
-1 -1 -1 -1 -1 -1
-1 -1 -1 -1 -1 -1
-1 -1 -1 -1 -1 -1
-1 -1 -1 -1 -1 -1
-1 -1 -1 -1 -1 -1
-1 -1 -1 -1 -1 -1
-1 -1 -1 -1 -1 -1
-1 -1 -1 -1 -1 -1
-1 -1 -1 -1 -1 -1
229 235 233 178 198 191
178 198 191 127 161 149
127 161 149 127 161 149
127 161 149 178 198 191
178 198 191 178 198 191
178 198 191 178 198 191
178 198 191 229 235 233
-1 -1 -1 -1 -1 -1
-1 -1 -1 -1 -1 -1
-1 -1 -1 -1 -1 -1
-1 -1 -1 229 235 233
127 161 149 85 115 104
85 115 104 85 115 104
52 74 66 36 54 47
36 54 47 52 74 66
127 161 149 127 161 149
127 161 149 127 161 149
127 161 149 127 161 149
229 235 233 -1 -1 -1
-1 -1 -1 -1 -1 -1
-1 -1 -1 -1 -1 -1
-1 -1 -1 178 198 191
127 161 149 85 115 104
85 115 104 52 74 66
178 198 191 178 198 191
178 198 191 178 198 191
52 74 66 85 115 104
127 161 149 127 161 149
127 161 149 127 161 149
127 161 149 229 235 233
-1 -1 -1 -1 -1 -1
-1 -1 -1 -1 -1 -1
178 198 191 127 161 149
127 161 149 85 115 104
85 115 104 178 198 191
229 235 233 229 235 233
229 235 233 229 235 233
127 161 149 178 198 191
85 115 104 85 115 104
85 115 104 127 161 149
127 161 149 127 161 149
178 198 191 229 235 233
-1 -1 -1 -1 -1 -1
229 235 233 127 161 149
127 161 149 127 161 149
85 115 104 229 235 233
229 235 233 229 235 233
229 235 233 229 235 233
229 235 233 127 161 149
178 198 191 178 198 191
178 198 191 178 198 191
127 161 149 127 161 149
127 161 149 85 115 104
178 198 191 229 235 233
229 235 233 85 115 104
127 161 149 127 161 149
85 115 104 229 235 233
229 235 233 229 235 233
229 235 233 229 235 233
229 235 233 127 161 149
229 235 233 229 235 233
229 235 233 229 235 233
127 161 149 127 161 149
85 115 104 85 115 104
229 235 233 229 235 233
229 235 233 85 115 104
127 161 149 127 161 149
127 161 149 229 235 233
229 235 233 229 235 233
229 235 233 229 235 233
178 198 191 229 235 233
127 161 149 127 161 149
127 161 149 127 161 149
127 161 149 85 115 104
229 235 233 229 235 233
-1 -1 -1 -1 -1 -1
-1 -1 -1 229 235 233
85 115 104 127 161 149
127 161 149 127 161 149
229 235 233 229 235 233
229 235 233 229 235 233
127 161 149 127 161 149
127 161 149 127 161 149
127 161 149 127 161 149
85 115 104 229 235 233
-1 -1 -1 -1 -1 -1
-1 -1 -1 -1 -1 -1
-1 -1 -1 229 235 233
85 115 104 85 115 104
85 115 104 85 115 104
85 115 104 85 115 104
85 115 104 85 115 104
85 115 104 85 115 104
85 115 104 85 115 104
85 115 104 85 115 104
229 235 233 -1 -1 -1
-1 -1 -1 -1 -1 -1
-1 -1 -1 -1 -1 -1
-1 -1 -1 -1 -1 -1
229 235 233 229 235 233
229 235 233 229 235 233
229 235 233 229 235 233
229 235 233 229 235 233
229 235 233 229 235 233
229 235 233 229 235 233
229 235 233 229 235 233
-1 -1 -1 -1 -1 -1
-1 -1 -1 -1 -1 -1
-1 -1 -1 -1 -1 -1
-1 -1 -1 -1 -1 -1
-1 -1 -1 -1 -1 -1
-1 -1 -1 -1 -1 -1
-1 -1 -1 -1 -1 -1
-1 -1 -1 -1 -1 -1
-1 -1 -1 -1 -1 -1
-1 -1 -1 -1 -1 -1
-1 -1 -1 -1 -1 -1
-1 -1 -1 -1 -1 -1
-1 -1 -1 -1 -1 -1
-1 -1 -1 -1 -1 -1
