12 34
-1 -1 -1 -1 -1 -1
-1 -1 -1 -1 -1 -1
-1 -1 -1 -1 -1 -1
-1 -1 -1 -1 -1 -1
-1 -1 -1 -1 -1 -1
-1 -1 -1 -1 -1 -1
-1 -1 -1 -1 -1 -1
-1 -1 -1 -1 -1 -1
-1 -1 -1 -1 -1 -1
-1 -1 -1 -1 -1 -1
-1 -1 -1 -1 -1 -1
-1 -1 -1 -1 -1 -1
-1 -1 -1 -1 -1 -1
-1 -1 -1 -1 -1 -1
-1 -1 -1 -1 -1 -1
-1 -1 -1 -1 -1 -1
-1 -1 -1 -1 -1 -1
-1 -1 -1 -1 -1 -1
-1 -1 -1 -1 -1 -1
-1 -1 -1 -1 -1 -1
-1 -1 -1 -1 -1 -1
-1 -1 -1 -1 -1 -1
-1 -1 -1 -1 -1 -1
-1 -1 -1 -1 -1 -1
52 74 66 52 74 66
85 115 104 85 115 104
85 115 104 85 115 104
85 115 104 36 54 47
36 54 47 36 54 47
36 54 47 36 54 47
85 115 104 52 74 66
52 74 66 -1 -1 -1
-1 -1 -1 -1 -1 -1
-1 -1 -1 -1 -1 -1
-1 -1 -1 -1 -1 -1
-1 -1 -1 -1 -1 -1
-1 -1 -1 -1 -1 -1
-1 -1 -1 -1 -1 -1
-1 -1 -1 52 74 66
52 74 66 52 74 66
52 74 66 85 115 104
85 115 104 127 161 149
127 161 149 0 0 0
127 161 149 127 161 149
0 0 0 52 74 66
52 74 66 0 0 0
85 115 104 127 161 149
0 0 0 127 161 149
127 161 149 85 115 104
52 74 66 52 74 66
-1 -1 -1 -1 -1 -1
-1 -1 -1 127 161 149
127 161 149 -1 -1 -1
-1 -1 -1 -1 -1 -1
-1 -1 -1 85 115 104
85 115 104 85 115 104
127 161 149 127 161 149
127 161 149 127 161 149
127 161 149 178 198 191
178 198 191 178 198 191
178 198 191 178 198 191
178 198 191 178 198 191
52 74 66 52 74 66
52 74 66 178 198 191
178 198 191 178 198 191
178 198 191 127 161 149
127 161 149 85 115 104
52 74 66 -1 -1 -1
127 161 149 178 198 191
178 198 191 127 161 149
85 115 104 85 115 104
85 115 104 127 161 149
127 161 149 127 161 149
178 198 191 178 198 191
178 198 191 178 198 191
178 198 191 178 198 191
178 198 191 178 198 191
178 198 191 178 198 191
178 198 191 229 235 233
255 255 255 245 228 156
52 74 66 52 74 66
178 198 191 178 198 191
178 198 191 178 198 191
178 198 191 127 161 149
127 161 149 85 115 104
85 115 104 178 198 191
178 198 191 178 198 191
178 198 191 178 198 191
178 198 191 178 198 191
178 198 191 178 198 191
178 198 191 178 198 191
178 198 191 178 198 191
178 198 191 178 198 191
178 198 191 178 198 191
178 198 191 178 198 191
178 198 191 229 235 233
245 228 156 255 255 255
178 198 191 178 198 191
127 161 149 178 198 191
178 198 191 178 198 191
178 198 191 178 198 191
178 198 191 127 161 149
85 115 104 178 198 191
178 198 191 178 198 191
229 235 233 229 235 233
178 198 191 178 198 191
178 198 191 178 198 191
178 198 191 178 198 191
178 198 191 178 198 191
178 198 191 178 198 191
178 198 191 178 198 191
178 198 191 178 198 191
178 198 191 178 198 191
229 235 233 229 235 233
229 235 233 229 235 233
127 161 149 178 198 191
178 198 191 178 198 191
178 198 191 178 198 191
229 235 233 127 161 149
229 235 233 178 198 191
178 198 191 229 235 233
229 235 233 229 235 233
229 235 233 229 235 233
229 235 233 178 198 191
178 198 191 178 198 191
178 198 191 229 235 233
229 235 233 229 235 233
229 235 233 229 235 233
229 235 233 229 235 233
178 198 191 178 198 191
178 198 191 178 198 191
178 198 191 127 161 149
178 198 191 178 198 191
178 198 191 178 198 191
229 235 233 229 235 233
229 235 233 229 235 233
-1 -1 -1 229 235 233
229 235 233 -1 -1 -1
-1 -1 -1 -1 -1 -1
-1 -1 -1 229 235 233
229 235 233 229 235 233
229 235 233 229 235 233
229 235 233 229 235 233
229 235 233 229 235 233
229 235 233 229 235 233
229 235 233 229 235 233
229 235 233 229 235 233
229 235 233 229 235 233
229 235 233 229 235 233
229 235 233 229 235 233
229 235 233 229 235 233
229 235 233 229 235 233
229 235 233 -1 -1 -1
-1 -1 -1 -1 -1 -1
-1 -1 -1 -1 -1 -1
-1 -1 -1 -1 -1 -1
-1 -1 -1 -1 -1 -1
-1 -1 -1 229 235 233
229 235 233 229 235 233
229 235 233 229 235 233
229 235 233 229 235 233
229 235 233 36 54 47
229 235 233 229 235 233
36 54 47 229 235 233
229 235 233 36 54 47
229 235 233 229 235 233
36 54 47 229 235 233
229 235 233 229 235 233
229 235 233 229 235 233
-1 -1 -1 -1 -1 -1
-1 -1 -1 -1 -1 -1
-1 -1 -1 -1 -1 -1
-1 -1 -1 -1 -1 -1
-1 -1 -1 -1 -1 -1
-1 -1 -1 -1 -1 -1
-1 -1 -1 -1 -1 -1
-1 -1 -1 -1 -1 -1
229 235 233 229 235 233
229 235 233 229 235 233
229 235 233 229 235 233
229 235 233 229 235 233
229 235 233 229 235 233
229 235 233 229 235 233
229 235 233 229 235 233
229 235 233 -1 -1 -1
-1 -1 -1 -1 -1 -1
-1 -1 -1 -1 -1 -1
-1 -1 -1 -1 -1 -1
-1 -1 -1 -1 -1 -1
-1 -1 -1 -1 -1 -1
-1 -1 -1 -1 -1 -1
-1 -1 -1 -1 -1 -1
-1 -1 -1 -1 -1 -1
-1 -1 -1 -1 -1 -1
-1 -1 -1 -1 -1 -1
-1 -1 -1 -1 -1 -1
-1 -1 -1 -1 -1 -1
-1 -1 -1 -1 -1 -1
-1 -1 -1 -1 -1 -1
-1 -1 -1 -1 -1 -1
-1 -1 -1 -1 -1 -1
-1 -1 -1 -1 -1 -1
-1 -1 -1 -1 -1 -1
-1 -1 -1 -1 -1 -1
