34 12
-1 -1 -1 -1 -1 -1
-1 -1 -1 -1 -1 -1
-1 -1 -1 -1 -1 -1
229 235 233 -1 -1 -1
127 161 149 -1 -1 -1
-1 -1 -1 -1 -1 -1
-1 -1 -1 -1 -1 -1
-1 -1 -1 -1 -1 -1
-1 -1 -1 -1 -1 -1
-1 -1 -1 178 198 191
52 74 66 52 74 66
-1 -1 -1 -1 -1 -1
-1 -1 -1 -1 -1 -1
-1 -1 -1 -1 -1 -1
-1 -1 -1 -1 -1 -1
229 235 233 52 74 66
229 235 233 85 115 104
52 74 66 -1 -1 -1
-1 -1 -1 -1 -1 -1
-1 -1 -1 -1 -1 -1
-1 -1 -1 -1 -1 -1
-1 -1 -1 127 161 149
85 115 104 85 115 104
52 74 66 -1 -1 -1
-1 -1 -1 -1 -1 -1
-1 -1 -1 -1 -1 -1
-1 -1 -1 -1 -1 -1
-1 -1 -1 -1 -1 -1
127 161 149 85 115 104
52 74 66 -1 -1 -1
-1 -1 -1 -1 -1 -1
-1 -1 -1 -1 -1 -1
-1 -1 -1 -1 -1 -1
-1 -1 -1 -1 -1 -1
178 198 191 127 161 149
85 115 104 52 74 66
-1 -1 -1 -1 -1 -1
-1 -1 -1 -1 -1 -1
-1 -1 -1 -1 -1 -1
-1 -1 -1 -1 -1 -1
178 198 191 127 161 149
85 115 104 52 74 66
-1 -1 -1 -1 -1 -1
-1 -1 -1 -1 -1 -1
-1 -1 -1 -1 -1 -1
-1 -1 -1 178 198 191
178 198 191 127 161 149
85 115 104 52 74 66
-1 -1 -1 -1 -1 -1
-1 -1 -1 -1 -1 -1
-1 -1 -1 -1 -1 -1
-1 -1 -1 178 198 191
127 161 149 127 161 149
85 115 104 52 74 66
-1 -1 -1 -1 -1 -1
-1 -1 -1 -1 -1 -1
-1 -1 -1 -1 -1 -1
-1 -1 -1 178 198 191
127 161 149 127 161 149
85 115 104 52 74 66
-1 -1 -1 -1 -1 -1
-1 -1 -1 -1 -1 -1
-1 -1 -1 -1 -1 -1
178 198 191 178 198 191
127 161 149 127 161 149
85 115 104 52 74 66
-1 -1 -1 -1 -1 -1
-1 -1 -1 -1 -1 -1
-1 -1 -1 -1 -1 -1
178 198 191 178 198 191
52 74 66 127 161 149
85 115 104 52 74 66
-1 -1 -1 -1 -1 -1
-1 -1 -1 -1 -1 -1
-1 -1 -1 -1 -1 -1
178 198 191 127 161 149
127 161 149 127 161 149
127 161 149 85 115 104
-1 -1 -1 -1 -1 -1
-1 -1 -1 -1 -1 -1
-1 -1 -1 -1 -1 -1
178 198 191 127 161 149
127 161 149 127 161 149
127 161 149 85 115 104
-1 -1 -1 -1 -1 -1
-1 -1 -1 -1 -1 -1
-1 -1 -1 178 198 191
178 198 191 127 161 149
52 74 66 127 161 149
127 161 149 85 115 104
-1 -1 -1 -1 -1 -1
-1 -1 -1 -1 -1 -1
-1 -1 -1 178 198 191
178 198 191 127 161 149
127 161 149 127 161 149
127 161 149 85 115 104
-1 -1 -1 -1 -1 -1
-1 -1 -1 -1 -1 -1
-1 -1 -1 178 198 191
178 198 191 127 161 149
127 161 149 127 161 149
127 161 149 85 115 104
-1 -1 -1 -1 -1 -1
-1 -1 -1 -1 -1 -1
-1 -1 -1 178 198 191
127 161 149 127 161 149
52 74 66 127 161 149
127 161 149 85 115 104
-1 -1 -1 -1 -1 -1
-1 -1 -1 -1 -1 -1
-1 -1 -1 178 198 191
127 161 149 127 161 149
127 161 149 127 161 149
127 161 149 85 115 104
-1 -1 -1 -1 -1 -1
-1 -1 -1 -1 -1 -1
178 198 191 178 198 191
127 161 149 127 161 149
127 161 149 127 161 149
127 161 149 85 115 104
-1 -1 -1 -1 -1 -1
-1 -1 -1 -1 -1 -1
178 198 191 178 198 191
127 161 149 127 161 149
52 74 66 127 161 149
127 161 149 85 115 104
-1 -1 -1 -1 -1 -1
-1 -1 -1 -1 -1 -1
178 198 191 178 198 191
127 161 149 127 161 149
127 161 149 127 161 149
127 161 149 85 115 104
-1 -1 -1 255 249 189
255 255 255 -1 -1 -1
178 198 191 178 198 191
127 161 149 127 161 149
127 161 149 127 161 149
127 161 149 85 115 104
-1 -1 -1 255 255 255
255 249 189 127 161 149
178 198 191 178 198 191
127 161 149 127 161 149
52 74 66 127 161 149
127 161 149 85 115 104
-1 -1 -1 -1 -1 -1
178 198 191 178 198 191
178 198 191 178 198 191
178 198 191 127 161 149
127 161 149 127 161 149
127 161 149 85 115 104
-1 -1 -1 -1 -1 -1
-1 -1 -1 -1 -1 -1
229 235 233 178 198 191
178 198 191 127 161 149
127 161 149 127 161 149
127 161 149 85 115 104
-1 -1 -1 -1 -1 -1
-1 -1 -1 -1 -1 -1
229 235 233 178 198 191
178 198 191 127 161 149
52 74 66 127 161 149
127 161 149 85 115 104
-1 -1 -1 -1 -1 -1
-1 -1 -1 -1 -1 -1
229 235 233 178 198 191
178 198 191 127 161 149
127 161 149 127 161 149
127 161 149 85 115 104
-1 -1 -1 -1 -1 -1
-1 -1 -1 -1 -1 -1
229 235 233 229 235 233
178 198 191 127 161 149
127 161 149 127 161 149
127 161 149 85 115 104
-1 -1 -1 -1 -1 -1
-1 -1 -1 -1 -1 -1
229 235 233 229 235 233
178 198 191 178 198 191
52 74 66 127 161 149
127 161 149 85 115 104
-1 -1 -1 -1 -1 -1
-1 -1 -1 -1 -1 -1
-1 -1 -1 229 235 233
229 235 233 178 198 191
178 198 191 127 161 149
127 161 149 85 115 104
-1 -1 -1 -1 -1 -1
-1 -1 -1 -1 -1 -1
-1 -1 -1 229 235 233
229 235 233 178 198 191
178 198 191 127 161 149
85 115 104 85 115 104
-1 -1 -1 -1 -1 -1
-1 -1 -1 -1 -1 -1
-1 -1 -1 -1 -1 -1
229 235 233 229 235 233
178 198 191 178 198 191
85 115 104 -1 -1 -1
-1 -1 -1 -1 -1 -1
-1 -1 -1 -1 -1 -1
-1 -1 -1 -1 -1 -1
-1 -1 -1 229 235 233
229 235 233 178 198 191
-1 -1 -1 -1 -1 -1
